100011 00000 10001 0000000000000100
100011 00000 10010 0000000000010000
100011 00000 10011 0000000000100000
100011 00000 10100 0000000000010100
101011 00000 10001 0000000001010000
101011 00000 10010 0000000001000100
101011 00000 10011 0000000001001100
101011 00000 10100 0000000011100000
100011 00000 10001 0000000000100100
100011 00000 10010 0000000000101100
100011 00000 10011 0000000000010000
100011 00000 10100 0000000010101100
101011 00000 10001 0000000000010100
101011 00000 10010 0000000000011000
101011 00000 10011 0000000000100100
101011 00000 10100 0000000001000100
100011 00000 10001 0000000000100100
100011 00000 10010 0000000000101100
100011 00000 10011 0000000000010000
100011 00000 10100 0000000010101100
101011 00000 10001 0000000001100000
101011 00000 10010 0000000001010100
101011 00000 10011 0000000001011100
101011 00000 10100 0000000011110000